%YAML:1.0
---
handEyeMatrix: !!opencv-matrix
   rows: 4
   cols: 4
   dt: d
   data: [ -1.3888096474687244e+00, -1.2138301133679847e+00,
       1.6360646988997882e+00, 1.4682397684551440e-02,
       -5.4689842992583747e-02, -9.1756539821288308e-01,
       9.8508941111605397e-01, 1.5910745133838347e+00,
       -4.9558943723703952e-02, -3.4071284551464487e+00,
       4.4468949413979137e+00, 7.1577870550193201e-01, 0., 0., 0., 1. ]
