%YAML:1.0
---
calibration_time: "Thu Aug  2 19:50:11 2018"
nframes: 21
image_width: 3072
image_height: 2048
board_width: 7
board_height: 6
square_size: 2.5000000372529030e-02
flags: 0
camera_matrix: !!opencv-matrix
   rows: 3
   cols: 3
   dt: d
   data: [ 2.7019246477803945e+03, 0., 1.5778236203976960e+03, 0.,
       2.6868628577349073e+03, 1.1113566323375248e+03, 0., 0., 1. ]
distortion_coefficients: !!opencv-matrix
   rows: 5
   cols: 1
   dt: d
   data: [ -7.8298635128948441e-02, 1.8076025122196143e-01,
       8.2255209754728323e-04, 4.4520012470835853e-04,
       1.9709756464264139e-02 ]
avg_reprojection_error: 2.8078995368896653e-01
per_view_reprojection_errors: !!opencv-matrix
   rows: 21
   cols: 1
   dt: f
   data: [ 1.59599781e-01, 2.35023662e-01, 2.13055179e-01,
       1.59653232e-01, 2.30716020e-01, 2.21365184e-01, 2.49242455e-01,
       3.73245984e-01, 1.95675775e-01, 2.41746694e-01, 2.58830696e-01,
       2.53036052e-01, 2.42056325e-01, 4.04720038e-01, 2.01408044e-01,
       2.97395408e-01, 4.45122510e-01, 3.17657620e-01, 3.09097379e-01,
       3.88157338e-01, 2.75769353e-01 ]
extrinsic_parameters: !!opencv-matrix
   rows: 21
   cols: 6
   dt: d
   data: [ -3.4114024197134329e-02, 1.7896890504044805e-02,
       3.0010591059892371e+00, -3.3997056776061574e-02,
       1.1134408287774582e-02, 7.0007005540938894e-01,
       4.7919405063149051e-01, -1.2239904084535753e-01,
       -2.5133694908316100e+00, 3.7393627329732809e-02,
       1.0906131472366119e-01, 8.3460679910286173e-01,
       2.5663406041290027e-01, -2.4877442740472749e-01,
       -2.8822354538339359e+00, 3.6501856333203783e-02,
       1.5402283281644555e-01, 8.3667225004183610e-01,
       5.3182857713939125e-01, -9.2615480418469981e-02,
       2.8511140797496646e+00, 2.5104242246207287e-01,
       -2.8334108762351592e-02, 6.3906106928683759e-01,
       2.1744156502144396e-01, -3.9131477790672542e-01,
       2.8689773878381111e+00, 6.1936027730557869e-02,
       -5.5892485792172771e-02, 5.9566692487884043e-01,
       2.5277526211678936e-01, -1.3450419612134185e-01,
       3.1084034690665181e+00, 2.2218408118333005e-01,
       1.3529360051309322e-01, 5.6841354500907337e-01,
       1.0098476990245803e-01, 1.8616477387792882e-01,
       -2.8921170198713901e+00, 2.0228606746912553e-01,
       9.6672237769751021e-02, 6.5800285829846594e-01,
       1.4384139898623421e-01, 4.0734188863767473e-01,
       -2.9168738770636793e+00, 1.7400044417928029e-01,
       6.8071712173263688e-02, 4.9895666095129471e-01,
       8.7506944588724850e-02, -6.9975738643873978e-02,
       2.9006836292134976e+00, -2.7075123671320454e-02,
       -1.3032592278727755e-02, 6.2155261613740143e-01,
       3.2610225325481729e-01, 1.2952582410709937e-01,
       2.7811734011570519e+00, 4.5530967874368077e-02,
       1.1712353664798003e-01, 5.6702255012636937e-01,
       3.3915133082585985e-01, -2.9524170159103313e-01,
       2.9550682087605247e+00, 1.7570399101898920e-01,
       8.2427219406305430e-02, 4.7638664995475133e-01,
       4.5801265234320362e-02, 4.2560510675167668e-01,
       2.8773382700334893e+00, -5.3174138041777549e-02,
       5.4958787895636511e-02, 5.9539301519787791e-01,
       3.9878735313751557e-01, 2.5526087478813919e-01,
       2.9782556434053955e+00, 1.6065405737522001e-01,
       9.5440418121545439e-02, 4.4278764754116390e-01,
       2.2366811437717241e-01, -1.1605008788130336e-01,
       -3.0051701808446771e+00, 6.6053364286306634e-02,
       5.5903345567633378e-02, 4.1531158655188716e-01,
       2.2296156333060563e-01, -2.4377515653279808e-01,
       -3.1196162841785178e+00, -3.6434174441143614e-02,
       7.0562753102413389e-02, 5.9899488144809465e-01,
       1.4585442483202993e-01, -2.5740858360785129e-01,
       -2.7623361259769905e+00, 1.9766721143256280e-01,
       1.4814986340000721e-01, 6.1192746550648758e-01,
       8.5133126894687727e-01, 2.3500366544577270e-01,
       -2.3233099888570425e+00, 9.0605329846499254e-03,
       6.2375720832162126e-02, 5.1384362467638789e-01,
       4.9560906783021846e-01, 1.4438694321304427e-01,
       -2.7200340513947423e+00, 4.6348759652303360e-02,
       6.0944258367486133e-02, 5.7504052452781462e-01,
       5.8128651420161148e-01, -1.0043364764571096e-01,
       2.6406414028698775e+00, 9.9735092573918660e-02,
       2.1480886143667957e-02, 4.8987285407309139e-01,
       1.4807436255239698e-02, -5.5843402375694329e-01,
       3.0031892306333301e+00, 6.0398624830206263e-02,
       7.2035704661043490e-02, 4.2283914670829614e-01,
       5.1925199500183220e-02, -1.2055494791883029e-01,
       3.0588898040132033e+00, 5.6776884275852500e-02,
       5.6076216023957896e-02, 4.0467646865496049e-01 ]
found_cheese_board: !!opencv-matrix
   rows: 1
   cols: 21
   dt: i
   data: [ 1, 1, 1, 1, 1, 1, 1, 1, 1, 1, 1, 1, 1, 1, 1, 1, 1, 1, 1, 1, 1 ]
