<?xml version="1.0"?>
<opencv_storage>
<Position0>3.2738228400532027e-01</Position0>
<Position1>-1.8776770553750527e-01</Position1>
<Position2>2.3786452871277089e-01</Position2>
<Position3>8.4838279379818526e-02</Position3>
<Position4>8.0614112095667700e-01</Position4>
<Position5>5.7719048822240049e-01</Position5>
<Position6>9.8944932968652255e-02</Position6>
<Position7>2.8873827422651517e+00</Position7>
<Position8>-6.1630466150071818e-02</Position8>
<Position9>1.2506350952872056e+00</Position9>
</opencv_storage>
