<?xml version="1.0"?>
<opencv_storage>
<Position0>6.5252104570678338e-01</Position0>
<Position1>5.3197707845455182e-02</Position1>
<Position2>3.7241955603531751e-01</Position2>
<Position3>2.4756240191762185e-02</Position3>
<Position4>-6.4954653970344056e-01</Position4>
<Position5>-7.5486575763475083e-01</Position5>
<Position6>8.7487766466908465e-02</Position6>
<Position7>-2.9761150087288475e+00</Position7>
<Position8>7.6353644045655603e-02</Position8>
<Position9>1.7268342640140018e+00</Position9>
</opencv_storage>
