<?xml version="1.0"?>
<opencv_storage>
<Position0>6.9677554597382785e-01</Position0>
<Position1>-1.4876991777598708e-01</Position1>
<Position2>2.1828757238524260e-01</Position2>
<Position3>1.5802559643731048e-01</Position3>
<Position4>-7.7286346484993118e-01</Position4>
<Position5>-6.1456286146933414e-01</Position5>
<Position6>-4.7397123768871700e-03</Position6>
<Position7>-2.8956867448601278e+00</Position7>
<Position8>-2.0294996922928488e-01</Position8>
<Position9>1.3184208008291016e+00</Position9>
</opencv_storage>
