<?xml version="1.0"?>
<opencv_storage>
<Position0>7.0589727583491924e-01</Position0>
<Position1>3.3351520637856527e-02</Position1>
<Position2>2.1487044251396031e-01</Position2>
<Position3>6.8609536758721085e-02</Position3>
<Position4>-6.6013198247299576e-01</Position4>
<Position5>-7.3349487508298938e-01</Position5>
<Position6>1.4664162236219311e-01</Position6>
<Position7>-2.8295178444160189e+00</Position7>
<Position8>9.3090546232367580e-02</Position8>
<Position9>1.6906375105840263e+00</Position9>
</opencv_storage>
