<?xml version="1.0"?>
<opencv_storage>
<Position0>5.1831429734514201e-01</Position0>
<Position1>-2.5957008948895444e-01</Position1>
<Position2>2.5999993945359701e-01</Position2>
<Position3>6.0812181782789583e-02</Position3>
<Position4>-8.3232505162159443e-01</Position4>
<Position5>-5.4090301651518902e-01</Position5>
<Position6>-1.0469390485933922e-01</Position6>
<Position7>3.1292025629343083e+00</Position7>
<Position8>-2.4243352949760893e-01</Position8>
<Position9>1.1540768636442027e+00</Position9>
</opencv_storage>
