<?xml version="1.0"?>
<opencv_storage>
<Position0>4.6283021661438284e-01</Position0>
<Position1>4.9511653188491017e-02</Position1>
<Position2>2.9217363602350699e-01</Position2>
<Position3>1.0019009841114576e-01</Position3>
<Position4>6.0448676713322158e-01</Position4>
<Position5>7.9024844471979527e-01</Position5>
<Position6>8.0677232932205283e-03</Position6>
<Position7>3.0057946074972359e+00</Position7>
<Position8>1.4914883882177454e-01</Position8>
<Position9>1.8254517849699083e+00</Position9>
</opencv_storage>
