<?xml version="1.0"?>
<opencv_storage>
<Position0>5.1099093545232432e-01</Position0>
<Position1>-5.5943861392068854e-02</Position1>
<Position2>1.1418288611570297e-01</Position2>
<Position3>7.3253780952516154e-02</Position3>
<Position4>6.9472416318095320e-01</Position4>
<Position5>7.1436279526473268e-01</Position5>
<Position6>-4.0963610805723853e-02</Position6>
<Position7>3.0977461030866196e+00</Position7>
<Position8>1.6228779373103269e-01</Position8>
<Position9>1.5951024654318318e+00</Position9>
</opencv_storage>
