<?xml version="1.0"?>
<opencv_storage>
<Position0>6.1106650936378770e-01</Position0>
<Position1>-2.0751173694410888e-01</Position1>
<Position2>3.4334798365566294e-01</Position2>
<Position3>1.6110994348383931e-01</Position3>
<Position4>-7.9839111328552759e-01</Position4>
<Position5>-5.7839169256570377e-01</Position5>
<Position6>4.5588006189241151e-02</Position6>
<Position7>-2.8242828686612498e+00</Position7>
<Position8>-1.1382080021700454e-01</Position8>
<Position9>1.2356602736357447e+00</Position9>
</opencv_storage>
