<?xml version="1.0"?>
<opencv_storage>
<Position0>5.8855186121916003e-01</Position0>
<Position1>-1.3712944137272137e-01</Position1>
<Position2>1.3010879219504173e-01</Position2>
<Position3>4.7631987124731587e-02</Position3>
<Position4>-7.6187759979115499e-01</Position4>
<Position5>-6.4542918259528592e-01</Position5>
<Position6>2.6360709273446612e-02</Position6>
<Position7>-3.0347578159323927e+00</Position7>
<Position8>-2.1320495786577177e-02</Position8>
<Position9>1.4045413052117568e+00</Position9>
</opencv_storage>
