<?xml version="1.0"?>
<opencv_storage>
<Position0>5.0114149783574491e-01</Position0>
<Position1>-1.4515315049847552e-01</Position1>
<Position2>1.5380712743703789e-01</Position2>
<Position3>3.6183066677527853e-02</Position3>
<Position4>-7.6700008092576200e-01</Position4>
<Position5>-6.2449533476034680e-01</Position5>
<Position6>-1.4285390582075982e-01</Position6>
<Position7>3.0137936781473980e+00</Position7>
<Position8>-2.6750940491336106e-01</Position8>
<Position9>1.3839050025569508e+00</Position9>
</opencv_storage>
