<?xml version="1.0"?>
<opencv_storage>
<Position0>4.8693058912580722e-01</Position0>
<Position1>-2.1171572730102645e-01</Position1>
<Position2>3.3814336096022768e-01</Position2>
<Position3>5.1045902614827429e-02</Position3>
<Position4>-8.1085129799430200e-01</Position4>
<Position5>-5.8299121428039946e-01</Position5>
<Position6>5.9776616714760063e-03</Position6>
<Position7>-3.0516087014137598e+00</Position7>
<Position8>-4.9845275085495834e-02</Position8>
<Position9>1.2444660157800917e+00</Position9>
</opencv_storage>
