<?xml version="1.0"?>
<opencv_storage>
<Position0>4.7721874283574217e-01</Position0>
<Position1>-1.2642094481228786e-02</Position1>
<Position2>5.2682527988970129e-01</Position2>
<Position3>1.1601919477975624e-01</Position3>
<Position4>6.5363075084898969e-01</Position4>
<Position5>7.4756428055098045e-01</Position5>
<Position6>-2.1308083713418420e-02</Position6>
<Position7>3.0189721948870569e+00</Position7>
<Position8>2.0270415946067058e-01</Position8>
<Position9>1.6921862719159619e+00</Position9>
</opencv_storage>
