<?xml version="1.0"?>
<opencv_storage>
<Position0>6.8781274188305708e-01</Position0>
<Position1>-7.9509319336758408e-02</Position1>
<Position2>3.1139427991095081e-01</Position2>
<Position3>9.2231864292870946e-02</Position3>
<Position4>-7.3819679274347327e-01</Position4>
<Position5>-6.6808084155690539e-01</Position5>
<Position6>-1.5058802639256356e-02</Position6>
<Position7>-3.0240247441071553e+00</Position7>
<Position8>-1.4598740029174151e-01</Position8>
<Position9>1.4625536090272253e+00</Position9>
</opencv_storage>
