<?xml version="1.0"?>
<opencv_storage>
<Position0>4.5043298372524759e-01</Position0>
<Position1>-1.1731372659435289e-01</Position1>
<Position2>2.9214761750249285e-01</Position2>
<Position3>9.9988951102545687e-02</Position3>
<Position4>7.3664950109074223e-01</Position4>
<Position5>6.6876598686509392e-01</Position5>
<Position6>-1.0088459373485827e-02</Position6>
<Position7>3.0058537296734351e+00</Position7>
<Position8>1.4915414849919789e-01</Position8>
<Position9>1.4641111587907583e+00</Position9>
</opencv_storage>
