<?xml version="1.0"?>
<opencv_storage>
<Position0>5.2951613174747514e-01</Position0>
<Position1>-2.7901486577320389e-01</Position1>
<Position2>1.9649386274338923e-01</Position2>
<Position3>1.8781317205745754e-01</Position3>
<Position4>-8.4077376550057303e-01</Position4>
<Position5>-4.9345121073021342e-01</Position5>
<Position6>-1.1971462014553533e-01</Position6>
<Position7>-2.9255754017740867e+00</Position7>
<Position8>-3.9700617884019568e-01</Position8>
<Position9>1.0178496491419791e+00</Position9>
</opencv_storage>
