<?xml version="1.0"?>
<opencv_storage>
<Position0>7.5492440316523224e-01</Position0>
<Position1>-1.4246600922998359e-01</Position1>
<Position2>1.4615916994391720e-01</Position2>
<Position3>1.4293079405286890e-01</Position3>
<Position4>-7.5005110771626315e-01</Position4>
<Position5>-6.3209900742958436e-01</Position5>
<Position6>1.3207940313143923e-01</Position6>
<Position7>-2.7502355387643598e+00</Position7>
<Position8>1.7440663310711434e-02</Position8>
<Position9>1.4039868350728024e+00</Position9>
</opencv_storage>
