<?xml version="1.0"?>
<opencv_storage>
<Position0>5.9240151313383238e-01</Position0>
<Position1>1.6960694520511435e-01</Position1>
<Position2>1.5134696654247992e-01</Position2>
<Position3>1.6513386790160356e-01</Position3>
<Position4>4.4476203381312635e-01</Position4>
<Position5>8.2057499909681964e-01</Position5>
<Position6>-3.1870709092758143e-01</Position6>
<Position7>-2.6725721687393604e+00</Position7>
<Position8>5.8777050496192995e-01</Position8>
<Position9>2.2925702401698067e+00</Position9>
</opencv_storage>
