<?xml version="1.0"?>
<opencv_storage>
<Position0>4.5529960851111234e-01</Position0>
<Position1>1.1576929412860706e-01</Position1>
<Position2>4.9340580823851110e-01</Position2>
<Position3>1.5812721817189843e-01</Position3>
<Position4>5.0970769446076714e-01</Position4>
<Position5>8.3712765360151153e-01</Position5>
<Position6>-1.2004641042669245e-01</Position6>
<Position7>-3.0984233449518266e+00</Position7>
<Position8>3.9750865075886632e-01</Position8>
<Position9>2.0564465215981658e+00</Position9>
</opencv_storage>
