<?xml version="1.0"?>
<opencv_storage>
<Position0>4.7465413860720218e-01</Position0>
<Position1>-1.7446604633012822e-01</Position1>
<Position2>4.1187277381746629e-01</Position2>
<Position3>2.4110883453555354e-03</Position3>
<Position4>7.8411733561562413e-01</Position4>
<Position5>6.2039507461118804e-01</Position5>
<Position6>-1.6252447145703668e-02</Position6>
<Position7>-3.1252003644481374e+00</Position7>
<Position8>2.8483154923318557e-02</Position8>
<Position9>1.3389396580798349e+00</Position9>
</opencv_storage>
