<?xml version="1.0"?>
<opencv_storage>
<Position0>5.2426930844477515e-01</Position0>
<Position1>-1.7542799131467848e-01</Position1>
<Position2>3.9695211926000384e-01</Position2>
<Position3>1.5931161505166608e-01</Position3>
<Position4>-7.9384824880639460e-01</Position4>
<Position5>-5.7822237556641065e-01</Position5>
<Position6>-1.0041738679624830e-01</Position6>
<Position7>-2.9953875065894242e+00</Position7>
<Position8>-3.5081940881862861e-01</Position8>
<Position9>1.2330820673844389e+00</Position9>
</opencv_storage>
