<?xml version="1.0"?>
<opencv_storage>
<Position0>5.9742411383106120e-01</Position0>
<Position1>6.4757807966854986e-02</Position1>
<Position2>2.6613275397990771e-01</Position2>
<Position3>8.3335490159836850e-02</Position3>
<Position4>5.9213874527161514e-01</Position4>
<Position5>7.8034099457101125e-01</Position5>
<Position6>-1.8301594089013695e-01</Position6>
<Position7>-2.9409423738960623e+00</Position7>
<Position8>3.5415914598364240e-01</Position8>
<Position9>1.8793721417704703e+00</Position9>
</opencv_storage>
